420.96
137.35
421.29
199.27
459.13
135.67
424.54
190.97
184.92
244.17
172.5
252.33
246.4
399.22
238.88
291.51
412.11
322.59
285.8
254.99
307.97
150.98
213.74
234.13
415.29
255.09
207.52
228.33
140.42
306.72
175.58
202.01
210.66
177.12
201.98
193.04
358.77
142.79
377.08
363.79
151.51
244.52
296.28
316.37
213.04
157.68
411.3
183.82
264.98
245.19
305.31
395.14
211.6
261.74
251.8
360.59
296.52
205.83
173.97
418.13
139.1
174.6
205.13
260.36
408.48
321.01
263.87
423.02
426.0
328.53
179.73
309.29
142.26
339.94
187.91
404.23
137.0
200.39
167.06
205.04
226.5
209.11
217.31
121.11
312.71
338.47
197.22
254.3
264.47
290.6
240.28
284.17
400.11
211.94
353.11
341.0
361.36
268.5
263.87
344.93
836.25
1514.93
748.4
1716.51
1261.81
631.3
1260.87
1519.97
689.31
1457.84
766.02
1559.06
1481.12
1621.45
1615.18
1476.19
862.56
759.65
1349.38
779.07
1736.62
1708.22
651.22
1126.02
755.14
1693.98
826.64
693.96
640.77
766.44
1495.35
1025.46
933.33
865.75
1437.08
785.27
1152.29
1381.01
1501.35
933.86
710.44
1157.96
1164.03
749.05
893.52
1355.46
1599.89
1576.33
897.05
1494.7
876.39
1570.85
1029.99
1533.97
1058.6
768.27
1153.25
1279.23
773.0
752.21
1354.03
628.68
1199.97
727.65
1480.46
1438.8
841.71
737.47
1706.71
484.04
798.9
988.07
802.92
1188.13
1028.57
1483.07
1639.04
715.64
608.23
857.44
1615.37
1130.17
872.63
1712.06
1047.77
1100.91
724.25
895.95
794.01
1535.03
1616.69
1266.09
1011.09
565.41
512.68
1207.89
1015.23
701.1
705.35
901.08
1887.07
1562.64
1748.9
952.27
1562.32
2022.74
1188.15
993.04
1195.4
1740.38
1531.14
1485.08
1544.08
1176.5
1736.18
1712.83
1626.55
1104.03
2104.16
1634.24
1071.55
1425.95
1927.8
1723.47
1841.11
1447.56
1171.78
1562.03
891.86
1633.64
717.87
1543.0
1148.87
1567.28
1068.6
1720.08
1075.0
1644.94
1561.01
1568.75
1199.64
1553.55
759.62
1573.2
1699.86
1818.81
1916.04
1776.03
1319.23
1722.55
1302.97
1245.38
1892.39
1566.18
1808.07
1097.16
1505.04
896.25
1668.72
1157.5
1587.68
1779.9
1921.14
1278.96
1589.4
1731.57
1793.9
1281.77
1591.73
1872.77
1656.96
1835.6
1495.44
1225.33
888.43
905.77
1914.38
1469.88
1463.53
927.35
1908.16
1224.98
1515.07
1922.19
1006.38
1885.3
1798.72
1139.15
1690.35
1207.6
1916.82
1859.88
1917.37
1898.65
1088.41
1497.23
858.7
1931.47
1290.16
1696.96
1492.54
1005.23
1322.14
839.23
1353.22
764.14
997.28
1514.29
1416.61
1472.35
1053.91
1214.24
1233.22
1144.4
1194.93
834.5
1012.15
654.32
1126.76
1027.12
1489.66
853.25
748.28
1486.21
1622.41
1087.43
1304.13
1618.75
1113.99
1106.39
610.48
742.26
645.46
2145.52
1378.87
866.55
757.29
725.3
961.23
1064.59
582.38
850.53
1163.38
1427.86
870.58
1199.82
1143.74
752.11
1016.72
1135.96
1834.39
1095.53
647.46
1134.66
554.89
769.38
1231.18
1442.06
605.49
707.39
757.93
1118.96
1942.61
1406.02
644.87
1687.57
1455.45
887.95
772.81
1113.7
1066.33
1122.66
1440.91
1417.2
1356.34
1137.37
1251.42
575.02
760.31
1292.63
843.86
975.03
1299.54
615.71
1200.13
651.97
2146.47
546.86
830.82
1347.25
665.25
993.5
715.2
1282.13
1831.83
1120.04
1423.96
806.41
1009.96
1569.96
892.38
648.17
843.16
1126.59
824.17
567.02
883.99
916.57
530.24
1007.04
662.15
1203.05
729.04
1031.24
777.92
605.95
1120.85
575.79
1496.65
621.09
987.83
560.23
841.44
826.16
634.93
790.51
1147.56
819.39
640.14
1370.89
552.25
785.12
1107.15
1124.71
632.95
1728.63
779.47
836.92
714.98
1064.13
1026.32
859.6
560.16
684.53
531.36
1129.25
610.33
759.08
1048.21
696.33
255.89
287.86
288.86
700.51
1138.54
612.25
820.4
778.06
386.43
747.29
876.72
757.59
871.51
820.99
1282.19
395.33
942.45
1144.31
1199.47
280.17
787.99
1127.92
1104.45
1129.63
735.95
764.62
1140.75
928.81
803.11
383.41
603.37
738.59
307.58
308.54
726.42
650.04
1272.85
771.57
780.95
846.32
592.25
596.7
326.8
782.52
301.93
295.38
1141.42
1123.93
748.6
753.58
1016.93
718.99
634.58
295.83
1047.98
308.49
763.24
554.68
724.27
696.94
855.1
819.82
545.53
375.07
275.25
723.69
740.65
1143.39
824.76
333.79
972.58
707.03
1247.12
373.45
659.61
446.49
588.42
713.63
799.8
340.14
556.63
975.65
723.07
647.28
276.04
711.87
824.32
310.32
1147.68
592.5
733.17
1110.19
704.73
331.46
388.33
374.2
1119.16
1111.7
388.69
759.0
1149.29
1111.07
1239.03
1425.95
1182.69
517.12
632.19
672.96
1206.21
1245.79
795.49
1129.76
878.89
694.24
1437.93
639.16
738.31
639.18
914.26
1334.51
615.89
599.4
828.87
1451.9
1221.55
637.24
1491.14
660.48
1317.7
697.74
606.31
947.51
627.89
604.11
800.72
1498.4
1329.72
974.43
1105.28
1208.46
1510.85
840.49
1075.87
1493.85
848.48
1214.5
1057.24
1198.28
976.0
1343.64
1488.9
624.22
1557.15
1102.15
594.33
1435.54
903.35
606.77
724.77
1503.26
846.36
1130.18
1178.58
1528.47
1434.4
730.42
1098.78
1038.33
1401.41
644.35
1550.88
471.21
1344.13
529.6
877.8
1040.26
1315.48
631.1
1449.96
1066.9
779.4
630.56
787.24
1154.28
844.87
640.18
1502.38
1159.75
840.78
1475.68
541.98
947.92
620.37
995.03
950.3
1161.24
639.27
1279.7
1283.76
707.85
1963.04
2136.36
1917.54
1919.47
1846.51
2108.02
1975.12
1901.37
2061.77
1957.31
2107.1
1830.3
1455.52
1979.19
1802.52
1923.88
1837.46
1975.53
1922.16
1890.16
1632.26
1833.18
2204.23
1984.69
2039.22
1769.5
2067.61
2050.8
1768.33
2050.59
1883.96
1908.02
1836.82
1901.23
2085.19
1744.97
1744.69
1911.28
1909.44
1775.68
1857.34
2004.83
1895.11
1851.41
1794.54
1880.95
1938.18
1744.09
2194.69
2045.75
1754.95
1983.13
1957.93
1964.14
2132.84
1869.48
2001.87
2179.43
1775.96
1969.21
1819.76
1900.59
1858.99
1976.59
1974.41
1851.03
1865.19
1941.86
2093.04
1742.79
2165.94
2039.81
1924.75
1955.85
1779.66
2002.4
1875.6
2056.43
1951.12
1797.91
1939.0
1830.64
1912.21
1899.86
1920.84
1969.85
1867.8
1830.1
1788.56
2048.87
1740.78
1921.47
2139.65
1832.44
1852.66
1853.05
1868.6
2094.39
1764.92
1974.24
1285.77
1170.4
887.44
1838.09
1494.47
795.67
1296.81
1367.43
657.71
1119.65
2041.41
1538.45
1865.14
1746.5
1544.55
2057.38
1712.57
1786.79
1786.44
1588.3
1409.73
2178.71
1751.76
1853.82
1555.53
1392.24
1661.2
800.68
1928.96
1509.19
1673.15
1567.42
1899.67
1081.8
1563.83
1996.47
614.34
1888.1
1697.24
417.15
1879.12
2058.86
1143.11
792.07
1340.3
1795.93
1826.65
765.03
1576.05
1459.04
1495.92
1455.89
1120.98
2105.11
1585.75
992.2
1565.42
1937.8
1404.2
1854.1
1321.44
1094.2
941.84
239.86
1273.66
1319.21
1110.89
1961.24
1335.57
851.69
1501.37
1382.22
1443.48
644.79
1527.25
1644.49
1606.75
1731.5
508.42
1706.72
1221.35
984.85
1489.62
1913.9
751.66
1706.46
1475.67
1657.81
965.44
1758.3
2194.66
954.65
1237.63
1316.81
1552.22
1740.7
1809.48
1286.39
1095.46
1278.86
1291.38
1812.9
1573.98
1740.01
1894.3
1850.46
1823.65
1803.58
1307.93
1763.09
1341.04
1182.11
1025.86
1414.84
1405.0
1266.83
1405.26
1498.35
1481.13
1627.23
848.92
1719.47
1776.62
1304.05
1301.18
2132.95
1103.93
1804.54
1636.41
1863.27
519.35
1512.18
1331.7
1081.2
713.28
1476.11
1076.66
1117.97
1744.91
1297.72
917.48
1412.64
853.64
1863.12
1114.43
1916.34
1874.62
1122.33
825.64
1722.01
1429.8
1598.43
1981.6
2116.63
1474.95
718.6
1632.13
617.43
1441.86
1966.9
1793.75
764.24
749.46
1395.1
1590.03
1218.69
814.09
1696.33
1482.69
2046.27
1778.66
1855.94
1000.11
1939.36
1353.64
1446.43
1807.61
1911.53
1697.15
1728.34
901.12
1762.9
1893.79
1604.88
1600.81
1463.71
608.49
1103.12
787.49
1349.18
1986.94
1920.41
1435.0
1508.47
1064.61
1495.95
1644.89
1758.1
1351.03
1806.47
1557.88
1419.59
1956.63
1530.63
929.27
1631.83
1403.65
1499.61
1624.02
1988.57
1518.24
1735.91
1682.67
1493.26
1646.38
2175.86
1896.46
2051.2
1526.73
1028.64
1107.79
2185.15
1964.47
1878.13
1380.61
1687.63
1003.37
582.24
1453.18
1579.94
1278.54
1067.91
1124.58
1943.05
1935.55
1686.52
1968.64
1895.26
2026.89
1796.42
1571.53
1665.53
1832.49
1513.72
1996.02
1164.93
1280.05
1810.09
1777.26
1870.19
668.61
693.79
1912.11
1583.28
1730.19
2041.47
1634.5
1896.36
1615.18
1969.96
1227.64
1784.09
703.67
1222.53
1699.01
1726.39
1319.39
1534.61
923.73
1934.14
1643.43
882.7
1585.37
1759.02
725.45
1235.47
1649.82
1776.49
1786.02
1315.9
1107.54
1098.64
927.02
1451.42
1406.53
727.75
1785.71
1024.66
1135.18
1829.09
1550.8
1052.28
1772.71
1254.1
1168.78
1519.61
610.16
1318.56
1237.48
1811.36
772.93
1311.98
1018.1
1875.77
1463.2
1630.23
1789.86
1697.76
827.19
1864.21
1735.57
1091.73
1093.76
1681.19
1601.21
1311.17
1725.78
1699.56
1700.9
1603.66
1476.48
1708.26
702.89
1468.97
1382.47
1649.18
1243.18
1698.43
1795.32
857.52
1477.31
1257.42
1889.16
1694.6
1312.02
730.73
1089.83
1860.02
1678.09
791.92
1809.41
1315.97
1227.75
1902.55
1509.67
1456.16
654.07
888.13
1834.9
1302.62
956.64
869.53
1858.63
1024.95
1336.61
1809.45
1567.17
1500.31
838.8
1889.55
1864.31
1745.57
1842.7
1507.06
1496.52
1638.99
1907.69
702.55
1675.01
1660.32
1597.15
1386.35
1753.07
853.0
1626.47
1536.47
1910.11
1931.96
1553.19
1601.24
1529.71
1774.64
1660.97
907.97
933.3
1281.59
1235.44
1601.07
1799.77
2089.75
1520.13
1178.71
1181.29
1224.9
1533.59
1160.5
1995.63
1752.43
1785.8
1311.07
1649.78
1597.88
293.56
2044.84
1386.09
1639.49
1634.04
1901.16
1906.04
993.45
648.87
1221.91
646.02
1744.45
1754.59
1886.9
391.97
1401.33
1733.19
1494.17
1595.29
1486.66
1152.06
1887.87
1087.66
1386.38
1673.68
1589.59
2030.58
1647.07
723.84
1569.35
626.43
1308.69
2038.13
1782.98
758.79
1552.51
1301.82
958.44
1672.01
887.63
1660.11
1673.6
1578.75
1955.12
1804.17
1512.85
1200.07
1147.35
1780.5
1322.38
1591.0
1356.49
658.98
1129.17
1340.84
990.72
1804.29
1344.03
1944.53
591.59
1816.55
1477.87
1867.25
1645.94
278.4
870.72
1738.72
588.0
1073.99
1558.61
1506.53
1694.52
1433.45
1802.08
1325.79
1743.63
815.01
1486.15
1533.66
1252.57
1561.46
1607.73
1579.03
405.1
1046.79
801.71
1424.96
1557.11
1031.47
1310.99
869.1
1065.7
1016.18
1534.48
1922.2
1897.23
1968.52
1369.19
1898.13
1836.08
954.57
1214.09
707.16
1186.0
1533.19
1171.05
1783.95
2040.42
1521.83
723.44
1519.87
1247.9
1698.27
1624.79
1880.12
1255.04
1826.52
756.25
1531.89
1281.76
969.32
1631.42
1405.53
1669.31
1754.97
903.09
1252.41
1603.06
608.18
1602.58
1381.31
898.99
1825.04
1484.97
2089.0
1190.23
646.15
1054.75
1499.95
1859.1
1772.14
1734.4
1371.53
1332.19
1679.05
1665.81
1424.66
1484.67
1896.9
1386.14
1586.09
1446.03
1672.31
1828.34
1763.6
2044.78
1296.91
1102.94
1131.94
1464.45
1592.43
986.55
1948.01
1602.62
897.11
1503.03
1999.05
1503.17
1085.73
1067.11
1504.5
1221.2
781.94
1356.65
988.74
1446.34
1229.19
1304.2
1673.93
922.82
1256.52
1122.62
1086.6
1492.06
1761.02
735.13
1705.09
1293.46
471.52
1177.67
932.71
1498.59
1025.83
1579.64
1216.96
1366.66
899.37
1725.24
1232.23
1629.79
1172.46
1628.02
1909.54
2116.18
1655.87
1355.2
582.99
1744.95
1491.15
1489.37
1269.4
1630.2
1973.22
1551.5
1524.78
1499.76
1065.48
2015.93
1796.08
1930.06
1142.67
1351.6
1795.54
1642.72
1456.6
808.5
1814.06
1453.81
1743.18
1415.6
843.88
1733.93
1849.01
1385.0
1875.99
1540.26
1550.62
667.76
1500.14
2167.77
1448.57
1796.8
1938.85
1759.83
1520.0
1891.96
1500.49
1526.2
1525.32
1535.03
1572.63
2130.37
916.11
703.43
1794.15
1474.92
1190.42
547.87
1350.0
817.99
951.04
1802.25
951.25
1501.6
1755.89
1710.72
1351.06
1843.06
1462.01
1079.55
1488.93
1809.77
1550.02
1656.87
1592.68
1437.85
855.91
1468.14
1534.27
1115.2
1506.14
1639.57
1674.9
1271.46
1676.68
1532.36
1673.93
1795.79
1108.86
1933.58
1499.07
1815.96
1050.16
2016.61
1582.49
1916.07
1191.85
1107.67
1888.69
1797.26
1536.68
1004.41
1403.44
1776.51
1616.34
1593.45
1369.33
499.42
1573.21
1117.25
1341.93
1347.45
2144.12
1294.66
1426.71
1698.62
946.79
645.25
1216.18
1514.4
1439.74
1573.79
888.36
1064.86
1498.13
1467.39
1435.85
1447.73
1971.02
1478.94
1207.69
988.19
1487.53
1775.26
1622.14
1428.72
1529.01
662.52
1494.83
1055.92
739.44
1273.98
1574.84
1635.38
1870.57
1232.92
1679.32
1008.1
1622.22
1887.9
1117.36
1886.83
1217.42
1838.55
695.81
588.4
1542.29
1173.64
1809.01
1057.46
1808.58
1601.96
1204.34
1682.84
1178.39
860.96
1795.02
1718.53
579.2
1219.17
835.93
1125.97
879.9
1478.73
1586.58
1546.75
2144.95
652.7
715.41
703.35
1339.46
1049.24
1577.26
1049.69
2209.65
1638.75
367.79
1513.52
1301.91
621.85
1200.12
1478.44
859.79
1753.08
1772.93
1871.78
861.23
540.89
1504.4
938.71
1587.66
1557.36
1165.97
1655.87
576.72
625.58
1678.83
1652.96
673.99
866.29
1135.89
1501.66
1506.24
1503.72
1832.57
280.37
1307.38
840.01
1517.54
1673.77
1811.74
1687.97
1435.3
1948.6
1470.83
1885.11
1219.56
1633.18
830.33
1379.08
1392.85
832.63
1621.6
1668.11
1607.18
1738.81
1453.18
1702.41
1479.61
1107.14
1384.53
1214.16
881.46
1820.13
1677.42
1519.59
1445.32
2075.97
1879.29
1768.15
408.05
1231.9
1261.82
1998.35
1506.64
994.73
1549.5
943.57
1968.47
1671.79
2132.96
1701.28
1582.0
968.58
1922.25
1724.7
492.25
1365.57
837.98
1331.68
1549.01
1458.1
1453.65
1566.75
1466.99
1968.06
1084.57
1105.22
1451.28
1641.77
790.55
1482.32
1501.05
1117.74
669.83
855.04
1363.24
1065.38
1631.66
1053.31
1731.19
1729.13
604.22
1503.35
1477.98
1241.25
1393.44
1284.37
1754.89
1554.01
1885.14
2184.76
1864.62
1547.83
1389.24
1083.74
1471.55
1498.12
1754.46
1819.02
613.29
1757.88
1869.14
1906.36
1776.47
1310.36
1374.18
1151.8
1314.65
1736.99
640.08
393.98
999.58
571.85
1416.7
1006.05
943.28
683.81
902.67
1627.9
1551.59
581.41
1289.95
1982.02
911.32
1748.94
1893.75
1414.34
1690.84
417.3
1474.06
1538.15
987.78
1318.42
1450.55
1222.83
1926.27
1212.88
1515.85
700.57
2304.07
1294.13
1917.6
1106.77
1458.12
1315.89
1658.64
661.56
1403.13
480.64
1141.57
1739.6
1880.89
378.89
1744.59
610.36
1014.65
1104.98
1263.36
1716.97
1431.59
1496.44
1560.45
858.32
742.28
1217.87
1916.6
1812.52
1045.93
1897.27
1862.2
1575.85
1137.14
1592.48
1435.11
727.87
1660.1
1092.94
1771.01
1327.02
1459.64
1694.87
1514.41
1368.96
1669.13
1703.53
1646.62
1493.23
1335.16
1569.11
1767.86
1046.1
1775.58
1008.08
948.96
1662.38
1534.59
1882.72
911.73
1269.17
1343.66
1155.56
1773.83
1291.27
1969.02
642.37
1362.6
1471.89
1209.36
1614.45
1769.0
1832.04
1521.94
1297.05
1249.39
1698.14
2168.84
555.32
1966.41
787.34
948.5
1711.51
991.79
1482.3
579.71
1841.42
1531.74
1937.29
1914.66
1238.87
1680.68
1535.67
1917.17
1694.07
1453.72
877.36
879.64
1597.17
723.0
1803.53
1229.12
1365.22
2274.91
1586.7
1685.99
1624.79
1057.64
1740.82
1695.55
1974.27
544.28
992.4
1068.98
1422.11
1785.65
1696.45
1500.05
1834.38
1648.45
1509.95
1664.74
1733.27
1536.51
2030.21
980.06
1371.96
855.84
1662.55
1699.06
1728.38
647.6
1332.41
795.19
1334.21
1301.45
1165.2
576.11
1383.76
1238.23
1671.12
1134.75
773.42
1150.36
1572.3
551.86
718.07
1577.76
1769.27
1268.0
1748.04
1714.68
1773.09
1624.89
1648.01
1404.89
1355.2
1822.11
1583.11
1243.81
748.32
1234.13
1166.35
1294.82
602.47
1548.24
1688.47
1712.53
1403.53
1409.77
973.4
1718.15
2125.57
1532.03
1230.41
1783.09
1167.4
1290.83
1533.25
1669.92
979.51
1178.82
1850.31
1732.29
1968.76
1459.93
1618.23
1792.3
1709.04
1922.32
1693.36
1725.34
1730.5
1370.81
1839.4
1105.96
1657.6
1329.93
1519.49
1530.19
1504.1
878.73
680.59
1736.08
1605.38
1303.29
1118.18
1039.42
1501.49
1266.64
576.35
856.99
1591.92
1690.74
1677.46
1506.05
1934.94
1826.4
2084.94
1232.66
1587.08
1070.91
1085.05
953.66
1836.2
621.97
1628.2
1107.36
1757.49
1871.35
1386.93
1589.17
946.67
1514.01
1696.28
535.7
1428.19
1214.46
1486.6
1513.92
1602.88
843.52
1430.92
1753.1
299.2
781.62
1928.45
1619.47
864.16
1199.72
1792.45
562.98
673.0
1925.0
1650.44
1777.78
1943.29
1964.83
1250.25
1542.09
1259.52
1766.33
1677.32
1696.34
1655.95
1993.55
604.23
1792.09
1001.54
1765.71
1520.47
955.46
1233.1
1474.52
1489.09
844.31
1432.0
1839.05
1526.52
926.94
1518.89
1434.83
1603.0
1854.42
1954.38
625.05
361.51
924.77
1631.63
1850.01
1872.79
1647.51
1594.11
1824.9
1644.03
1773.09
538.66
1751.33
1871.61
1540.14
1682.56
1895.89
1432.47
1856.33
1477.47
1185.67
1409.22
940.02
1644.34
1536.01
1761.05
1303.09
1422.13
297.21
1859.72
1432.58
1410.75
540.63
845.43
1905.97
1583.4
1712.75
980.48
1796.73
1236.64
928.73
1496.32
1220.76
885.84
533.96
1251.09
1772.62
1868.86
1343.2
671.87
1043.12
1069.37
1006.36
1739.32
1168.03
1436.48
1334.12
1511.22
1509.13
1795.27
814.56
1451.27
1849.14
1666.25
426.7
1977.58
1340.53
2193.64
1803.95
919.33
1176.95
635.17
1692.35
1695.95
823.23
969.84
1744.99
603.84
1212.12
880.48
1672.62
1542.33
2188.28
945.34
1202.08
1334.44
1499.17
1962.5
671.35
1856.15
1402.76
1464.18
666.28
1301.01
1512.24
1927.42
1855.96
725.09
1671.7
1249.27
1882.5
1441.87
1623.08
1725.47
624.98
1114.91
910.72
962.25
1508.65
1443.11
1363.46
1475.37
1398.44
1534.67
1312.76
1400.92
1515.37
2036.71
975.41
1937.38
1616.24
1702.26
1519.19
1054.22
1456.13
1932.61
1808.11
845.3
1322.48
1513.44
2036.59
1699.2
1797.88
1725.33
1404.63
1521.37
1700.07
1807.89
1100.22
1557.28
855.15
1737.71
1847.73
391.44
1631.98
1887.52
1840.82
1532.18
1396.48
761.11
1278.59
1864.12
1245.44
1777.26
1213.16
702.28
1533.44
1579.16
1364.66
1747.84
1195.46
641.98
819.5
1765.32
1935.48
1834.19
1689.53
1922.92
1352.12
1482.79
1718.57
1610.49
1301.69
1477.83
1430.23
1677.8
1117.1
1615.31
1515.93
1187.62
986.51
721.04
1852.65
1266.84
1435.33
776.3
1182.53
1475.81
1641.93
1070.66
1329.42
1737.68
706.99
1861.08
997.27
900.83
1759.71
1050.35
1714.95
1953.02
1060.26
1743.74
1894.09
2001.25
817.79
461.01
915.26
1521.79
1795.69
615.78
1795.15
1829.71
1252.25
1596.41
1010.2
759.88
1733.68
802.43
183.52
1285.09
1877.65
1789.2
1645.69
1952.42
1761.1
2079.23
1694.33
1439.69
1262.9
1709.26
981.38
1529.74
1474.44
1770.8
1181.43
1627.37
1202.17
1573.51
1527.6
1226.54
1317.53
1289.88
1802.83
1119.47
1795.65
2132.1
819.44
1857.57
183.14
2009.01
1311.66
1713.63
1733.3
862.09
1786.37
1968.3
1681.33
1677.58
550.76
1541.19
1753.91
1562.84
1428.17
1788.98
1223.61
1933.98
1542.06
1322.24
285.49
1920.14
618.9
340.05
1224.05
863.39
1838.46
1799.77
1464.52
1819.44
1581.59
1504.6
1531.01
1246.6
799.07
1716.79
1217.74
1552.37
1203.38
1213.42
1651.2
1655.49
1516.85
671.56
1485.65
1602.36
1906.0
1004.87
760.5
1230.86
994.91
1332.67
1024.75
1307.66
1536.97
1592.58
800.76
1838.97
806.82
1963.9
1923.04
1435.19
1254.78
1491.76
899.25
1894.4
1334.2
969.84
1600.2
955.73
864.46
569.16
1008.76
561.84
1899.64
1872.38
1717.72
1354.7
1272.19
498.55
1432.95
1716.13
1138.24
431.31
1666.23
1674.98
591.29
1358.35
896.82
1026.72
1262.38
2077.65
1012.6
279.55
1289.68
1943.34
1490.78
1862.14
1914.74
1012.64
1624.93
1906.77
1249.55
893.63
1104.13
1697.7
1426.02
1561.92
967.3
1658.3
2062.11
1728.7
1118.04
1855.69
1904.44
1374.59
1755.11
1489.94
986.12
1845.59
1317.6
1215.62
1527.79
1762.25
1494.6
481.85
1460.08
796.98
1063.92
194.76
1693.58
1845.94
1734.93
1235.27
1201.98
1681.63
1976.64
1605.0
1249.3
1496.58
662.46
1745.15
1923.68
1126.63
1800.78
1297.18
1690.15
2030.72
1602.81
615.95
944.27
1488.74
1856.13
1541.34
1209.71
1518.47
1261.46
1086.94
1765.8
1605.88
1850.09
1629.75
1008.35
1928.93
1499.18
1654.38
1039.39
1575.75
1108.88
920.0
1487.52
1613.07
1568.17
1486.2
1786.8
1246.42
818.57
966.36
1825.6
1642.01
1651.55
1374.29
1182.12
1275.33
684.77
1950.48
1171.08
1951.45
1115.64
1667.6
553.35
1391.02
1216.45
957.73
432.43
1717.02
1747.78
682.16
1162.71
2102.8
1862.6
1154.19
1903.27
1485.93
1552.28
1642.78
1510.25
2114.05
934.31
643.56
1935.41
1669.14
1082.96
1840.1
2207.54
1527.6
1671.65
1574.55
1419.78
1217.89
1237.44
1315.53
1404.26
1498.1
1958.71
1518.24
1541.28
1653.57
1700.72
1314.26
1907.11
1049.6
1427.88
1449.96
1317.32
2098.28
590.69
945.76
1444.58
1910.49
1797.89
1053.35
1941.03
1637.95
1661.11
1734.16
944.44
865.87
1810.19
252.3
1837.13
1918.72
1936.17
1721.36
1282.49
1534.11
1519.54
1810.83
559.88
1657.32
1196.71
1164.72
1968.83
1326.85
1303.32
1435.29
1651.94
1602.15
1489.01
1529.01
1457.86
1871.96
831.2
1303.77
1123.81
1154.23
647.25
647.55
948.64
1477.19
580.86
1541.6
816.87
1514.38
1961.99
1918.61
1539.29
1905.32
1522.21
1349.81
1806.36
1851.49
1073.03
586.45
1188.62
1731.38
1612.05
1785.36
1939.71
642.66
374.57
1803.27
1259.53
1765.37
959.43
1834.59
1172.61
1611.77
1251.0
1092.45
1330.57
1338.58
1948.39
1240.77
2067.93
1499.95
1330.54
1548.19
1641.6
1911.24
1769.85
1537.73
1339.58
1963.12
1138.53
796.35
1582.65
1335.03
1619.01
821.79
1225.83
1244.04
1639.98
1656.18
2109.87
1207.96
1406.66
1561.27
546.9
1721.59
1533.9
1850.83
1870.05
421.1
566.27
1702.87
1889.34
1252.77
1912.61
784.74
1224.5
1390.26
748.64
2114.05
1431.74
1068.76
1837.9
1804.66
1461.65
943.79
922.83
1457.79
1559.11
1751.91
1505.37
1753.59
1610.08
1033.23
1879.14
1634.26
1490.92
1838.33
282.31
1744.82
1317.24
1699.37
564.01
792.41
1887.79
1798.46
1308.73
972.77
1547.52
1927.78
1684.02
1257.54
1675.58
1666.28
1107.49
1795.49
1658.22
1473.1
1067.69
1286.74
834.09
1789.93
1989.64
1569.94
1922.74
2186.51
1802.62
1484.33
1714.0
672.49
1005.96
1475.67
793.15
1503.93
1457.49
1905.54
1126.67
2010.1
1704.99
1577.01
1705.33
1569.62
1780.38
571.55
940.71
718.75
1472.94
781.32
1806.65
1754.83
2191.37
1631.24
1262.03
1139.11
636.74
906.67
1687.1
1483.55
1659.39
967.99
851.0
1413.29
1295.8
1308.29
867.06
981.4
1554.54
1459.19
2024.19
965.67
1059.45
509.78
648.4
1868.99
1444.48
1807.33
1526.48
1606.97
1542.24
1788.16
1859.64
1147.27
1869.47
1513.02
1587.03
963.55
1533.15
1789.19
422.1
1834.66
1888.02
1119.22
1524.64
984.71
1780.89
1174.07
1541.1
1493.83
1612.39
723.17
1740.55
1776.2
1667.28
1014.89
913.85
1869.98
857.9
1754.57
1928.11
796.35
1180.09
2036.32
1180.19
804.18
1739.24
1119.95
1288.94
989.55
1856.75
1038.74
1366.57
1967.44
1244.99
1248.09
1687.97
1826.69
1362.53
1085.39
1474.24
1130.54
846.79
1247.24
1486.74
385.32
1643.34
340.56
1534.46
1212.84
1730.21
1665.39
1669.55
1455.17
1574.91
452.66
916.59
1550.34
1864.42
1159.79
1714.59
1921.26
1640.33
1412.06
1236.96
1196.89
1596.44
602.76
2230.93
1413.76
1006.58
761.9
734.88
1965.09
1351.69
1454.87
1894.65
1799.62
1252.44
1595.13
1601.71
1045.68
1760.85
1652.25
1633.16
1812.11
1479.49
1891.6
1495.94
1765.68
998.61
911.38
1694.89
1747.81
1447.05
943.09
2165.06
1451.56
1705.43
1605.46
1582.95
1487.05
1181.75
1634.08
1292.88
1893.65
1211.75
1751.39
1684.45
1605.07
2080.6
1395.45
1450.73
1623.77
1318.08
1460.92
1002.24
928.87
1421.12
1532.74
1848.83
1697.06
1287.37
930.99
1136.97
1045.33
1864.96
1547.2
1314.24
1799.91
1447.09
1628.32
1925.23
1905.98
1593.25
1652.28
1324.16
1138.21
538.65
1659.25
1966.28
1835.33
1892.59
2229.31
1771.16
1815.16
1340.78
1053.43
1303.75
1755.0
1590.12
1633.3
1203.69
1657.19
1702.32
884.08
1802.5
1470.09
1946.99
2077.85
1303.28
921.17
1627.09
1873.13
1782.4
1682.57
1286.02
1910.68
1848.0
1913.43
1072.33
1644.45
1903.28
277.37
702.33
1416.07
931.38
1341.88
1281.82
1754.02
954.15
1260.6
1239.36
1303.63
1702.86
1698.73
1372.41
1183.17
1681.86
1609.31
1506.16
991.08
1947.97
1497.46
1524.63
1380.75
1500.09
1737.93
1244.11
1154.36
498.48
999.13
1657.12
935.79
1454.65
1747.42
1613.81
2118.23
1857.83
1768.18
1688.39
1674.83
1439.4
1907.76
1602.42
1616.62
1926.77
1916.66
1475.8
1740.07
1560.88
1565.73
1775.38
977.87
1200.96
2162.07
2056.15
1481.28
999.19
1686.96
1996.11
1532.83
1624.65
1647.47
1959.47
874.56
1699.36
669.98
1209.03
1597.76
672.5
1552.93
1609.73
1902.19
1766.31
1566.9
1133.93
1125.49
1365.51
1878.25
1829.17
1523.93
1773.89
1425.69
940.76
1681.38
1262.93
1652.75
1088.99
1524.05
1869.85
1968.53
1913.78
1535.7
993.78
1852.81
1162.85
1569.69
1434.13
1690.75
1240.69
948.3
1214.64
1680.54
1529.69
1565.74
1156.83
1675.91
1585.21
1972.18
1985.83
1936.41
469.16
1407.32
1132.52
1397.05
2122.27
736.46
1615.47
1907.47
1073.49
1261.49
1801.42
1734.8
1608.9
1675.54
517.9
847.08
1229.3
1610.92
1551.54
1642.47
1611.2
1650.03
1218.64
1588.36
737.63
1632.89
1782.87
1881.52
1865.23
1837.01
1553.75
880.62
931.95
1581.88
961.61
1570.21
1535.43
1560.99
945.7
1836.96
1872.24
968.88
1773.14
987.0
935.99
1714.55
1255.52
1767.29
1927.3
1564.74
882.56
1476.23
922.76
1378.46
1572.45
1118.94
1667.51
1592.48
908.07
941.26
1418.17
1105.2
2043.07
1299.68
1287.54
1773.79
1457.55
827.54
1165.12
1536.41
898.26
628.06
552.38
530.33
1371.84
1771.94
735.58
1594.98
1602.95
1422.49
1510.35
1941.36
1928.2
812.05
1506.48
2094.0
1553.58
1745.46
1348.21
1239.95
1776.88
1085.24
1162.94
1222.99
1626.01
1747.99
1452.67
1190.29
1647.53
780.41
1055.8
943.43
1674.1
1006.64
1359.62
779.52
863.26
1427.69
1077.77
964.07
327.7
1668.8
955.47
879.69
1827.52
702.52
2027.93
1288.59
1635.98
1817.1
1426.69
882.94
1838.07
1994.09
1741.75
672.03
1007.58
1197.21
1709.89
580.51
1490.47
1721.86
1470.73
1811.3
1130.84
1044.78
1697.17
1562.33
1930.54
1906.61
1500.24
1691.85
1654.6
719.23
1573.55
917.08
1752.48
957.3
299.54
740.2
1317.27
1706.25
1903.71
1025.14
1505.15
1326.4
810.95
1417.56
1671.47
1442.25
1586.79
1846.39
741.17
1686.86
842.57
1738.24
1221.24
1228.87
1200.53
1913.49
1369.91
1295.24
2003.57
1627.86
1212.48
1953.76
1689.6
1726.92
1995.31
1723.33
1226.13
1535.07
1369.82
1707.5
1244.69
1498.51
1112.89
1691.1
1634.85
1826.73
1846.4
2125.08
2218.98
747.77
1519.12
1872.18
1535.43
798.19
676.27
1146.54
1975.83
1371.91
1162.48
1763.99
837.05
1667.31
1581.01
1803.88
542.51
1084.44
1722.32
1762.01
934.83
1132.05
1916.92
1772.48
1785.71
1964.36
1316.9
559.09
1979.78
1515.45
1227.47
2215.94
1460.33
1763.66
1240.66
1641.51
1757.8
1819.74
1749.71
931.91
1746.73
1349.74
1744.46
1810.98
1344.47
1722.18
1393.92
1828.86
715.13
916.01
1216.58
1446.95
1754.03
1158.83
1918.0
1327.99
1499.86
1501.83
1486.74
1497.42
1198.65
1880.81
1893.79
1288.48
881.37
1011.33
1572.13
2162.01
914.48
1845.0
1390.77
2109.18
1449.59
1931.21
651.04
1677.21
1455.61
1007.49
1498.92
1201.1
1032.38
1546.42
1219.07
1752.81
1516.15
1262.08
1684.41
1471.23
1491.83
1394.68
2233.36
1515.92
1501.72
1085.22
1302.6
1895.07
1638.99
1561.14
773.55
1397.76
1767.53
1614.83
1829.03
1966.65
866.04
1534.78
1787.36
1648.49
902.31
1868.28
653.83
1502.8
1651.76
1558.85
1249.44
768.38
1286.14
1678.94
952.88
1565.25
1723.18
1489.76
1781.64
1214.83
1843.02
1573.89
1725.7
1440.06
470.99
1286.55
1114.58
1796.87
1844.63
506.26
1083.85
1317.88
1709.6
1900.63
1426.68
1862.1
1809.68
985.02
1594.42
1889.04
1651.62
1219.36
1512.02
1196.07
1935.66
1457.74
1312.66
1525.09
1803.7
1418.89
651.51
1430.11
1868.56
965.6
1514.93
1609.48
1282.97
1490.73
856.51
824.81
1708.12
1663.32
1240.41
1076.31
1875.99
1550.94
1914.79
536.98
1531.4
684.49
1243.02
1488.04
850.15
739.82
1213.28
739.0
1889.76
1427.65
1284.74
1594.83
1327.99
1472.7
1521.01
1356.68
1286.57
1272.99
904.97
1645.0
920.12
647.16
852.65
588.37
2057.05
1736.46
1331.17
1170.78
461.66
1204.68
1454.08
1440.47
1243.8
2226.01
1316.75
1368.03
1576.8
1806.47
1746.71
1589.71
1677.62
1357.71
1713.95
1938.21
1422.75
1586.66
1297.55
763.92
1804.88
1233.0
1002.16
1792.77
2016.37
1787.15
1309.63
1696.04
836.51
822.54
1911.85
1190.4
1653.02
425.13
1322.93
1820.14
936.65
1625.54
1736.7
1940.61
293.79
1289.44
1935.15
1946.98
721.37
1275.81
1591.39
1927.1
1769.36
1948.56
1417.77
1537.97
812.38
1551.88
922.05
808.91
1397.36
226.64
1828.92
650.69
669.14
1515.76
1336.9
2104.14
1180.62
1829.77
1926.85
877.78
1847.48
1282.82
1963.21
790.67
678.84
1567.13
1671.3
1635.65
651.37
1739.67
2191.11
1129.15
1117.46
809.09
1708.62
1831.6
1806.15
2113.9
1601.81
1546.05
434.74
1136.21
1779.77
2000.47
1407.67
1790.67
756.25
1640.16
1323.18
2002.0
1318.55
1379.35
1667.8
1813.27
886.77
1939.41
1271.78
1508.5
1794.02
1383.33
1294.14
1488.43
1917.47
861.3
916.99
1965.57
1736.55
554.97
1605.71
1517.99
1516.61
1798.58
1770.97
1416.02
858.29
1734.22
1522.25
1561.16
753.87
1476.13
886.6
1502.36
1335.85
1263.89
1783.52
1660.53
1065.88
1692.94
1252.3
1228.81
1374.15
1877.86
1731.96
1398.92
1780.78
1067.91
1923.57
1754.14
1820.72
1915.61
1277.54
1456.32
1584.3
1209.95
1747.86
1761.57
1833.65
1480.96
1789.18
1998.84
586.93
1309.75
676.42
1731.22
1527.22
1685.75
1390.48
754.37
1379.64
1259.42
1462.82
1295.82
1782.77
1815.81
1254.85
1964.77
701.98
1523.7
948.8
1622.33
1177.75
1109.19
1601.29
1472.72
1224.04
692.15
1497.68
1430.97
1513.79
1796.52
1682.14
1517.81
1742.58
1742.23
1484.67
1528.97
1355.58
1232.91
1509.09
1916.18
1028.77
943.86
1894.09
737.42
1750.2
1648.83
1495.86
1464.7
1803.45
1005.68
1888.96
1813.43
1122.0
1708.96
1126.24
739.72
1426.69
735.98
1774.57
1869.46
1535.24
1473.98
1645.47
269.69
1612.31
1172.07
1268.55
1740.56
1101.13
836.1
1728.84
924.03
1403.27
1733.25
649.51
1549.45
645.35
683.37
1351.17
1904.2
1080.17
1646.44
1232.92
1131.97
1856.72
1705.0
1641.51
1343.6
1458.78
1426.15
731.58
1723.46
1813.32
778.17
682.2
902.9
1778.31
1810.2
1104.95
1938.03
1251.53
1250.36
1963.83
1339.25
1930.44
861.03
1507.89
1598.06
874.27
1809.68
1286.87
1117.82
1795.47
1307.16
967.95
1803.08
1962.1
1633.38
1540.62
1150.16
1104.88
1256.47
1646.39
1300.51
1923.81
1219.39
1348.4
1218.03
808.42
1744.09
1590.04
913.8
1454.37
1867.87
2202.31
764.12
1774.45
1699.35
732.59
256.77
1648.02
1390.56
1409.7
1104.09
745.02
1626.37
1707.92
1500.03
1752.57
1452.94
1472.16
1006.75
1602.95
1057.36
1083.35
1570.27
1339.96
1057.03
657.74
938.66
1842.34
2155.87
1769.3
1941.85
1206.37
1629.93
1643.37
954.98
1357.67
1925.01
1237.6
1706.48
1667.15
2093.33
1543.98
1408.63
1508.48
1921.57
910.26
874.33
1456.43
1603.15
1003.15
966.7
1310.47
1231.11
1796.27
1507.3
1328.18
1881.15
1520.65
1596.05
333.96
390.27
1962.21
1604.93
1047.81
1827.11
831.19
933.83
703.76
1626.21
1202.35
1968.07
861.51
1485.88
1502.69
798.15
1899.13
1164.05
604.27
1299.43
1746.48
1634.26
1288.03
1851.55
1499.11
627.31
1814.67
2156.16
1406.14
2154.11
1306.23
2206.51
1245.18
1498.96
971.93
1419.21
796.36
1230.73
1339.64
1484.4
1256.49
1550.04
735.9
687.34
1494.43
1169.08
1941.45
1909.26
1590.95
732.81
1242.84
976.68
866.07
1315.18
902.88
1557.42
1394.72
1467.6
1442.9
1690.23
935.22
855.71
1868.55
1360.6
1990.3
988.43
817.21
1783.79
941.11
1305.61
1671.12
1735.16
1234.06
214.83
1893.22
1288.11
2064.84
1209.05
1550.26
1144.83
1945.74
1764.38
1672.44
1638.67
1628.63
782.89
1914.87
1469.47
1498.2
1835.96
1832.58
1434.97
1332.96
1854.85
1794.39
1251.54
1754.09
1332.06
982.58
842.28
1204.25
1952.0
1194.48
937.57
1683.0
835.59
1581.39
1335.05
1191.62
1555.7
1517.3
1662.46
1132.31
1675.68
1231.58
1186.66
1139.98
1521.28
1515.76
1573.62
1231.05
1342.06
839.4
1785.29
1302.97
1582.71
1039.71
2196.18
1792.39
1193.56
1872.08
1219.2
1774.72
1539.57
1211.83
1432.52
1540.41
1349.87
648.0
1682.07
1326.31
903.3
1946.54
1224.06
1807.74
1073.46
1458.85
1086.95
1884.96
1544.11
1890.34
1646.18
1540.66
1615.8
931.07
1622.76
836.8
1422.46
1102.66
1232.45
1217.55
1863.18
1857.22
1551.46
1234.32
1059.15
1652.16
2124.62
1742.08
602.84
1195.73
1102.27
1583.7
1502.88
1182.03
1578.94
1521.95
266.12
1535.93
1753.65
1574.54
1651.17
1062.63
1503.05
1824.97
935.44
552.39
2214.48
1127.89
1740.83
1728.0
1418.63
1944.96
1318.48
1712.47
1744.32
608.82
1381.79
340.41
1767.1
741.64
801.01
1889.78
2072.08
818.79
1500.23
1586.86
2045.95
1840.08
396.94
1638.72
1048.42
1856.06
1281.59
2001.51
2046.87
1973.06
1459.22
1721.45
1184.99
1482.55
677.04
1807.78
1505.84
924.98
984.23
1804.97
1424.64
1741.81
191.46
1714.73
1715.18
937.38
1128.66
736.47
1548.82
1294.44
1116.51
1262.15
1036.93
1552.55
1527.57
1082.9
1425.74
1605.97
1343.78
1608.61
1419.34
1725.18
1889.32
1060.67
1259.24
960.54
1611.52
879.23
693.12
1347.57
915.78
1622.76
1233.35
994.06
1795.49
1071.85
1955.07
1327.2
1035.9
1368.57
724.11
1258.62
1329.64
1372.9
1897.51
873.87
1300.27
1424.02
1692.8
602.01
1301.86
1401.83
902.44
1916.96
1830.33
1162.95
1348.95
1157.88
1638.38
1806.51
1380.35
1095.43
734.75
2097.48
1191.63
2173.1
1163.54
870.47
1956.28
1426.31
1538.89
1326.89
1696.27
1525.5
1293.43
1293.82
817.86
1404.98
1355.65
1313.23
1461.26
755.99
1432.88
1017.39
1281.91
1507.58
1714.21
1968.19
1608.04
1302.14
1909.8
956.34
1663.63
1222.32
1806.01
1271.9
1216.26
1557.73
1646.43
1773.03
724.54
982.77
2083.99
1729.63
1412.11
1247.3
1932.21
1713.71
2075.77
1603.54
1513.73
1593.19
1600.09
1435.58
1207.22
1430.91
1467.76
1327.22
708.94
905.55
1850.37
1232.87
1766.85
1905.28
1799.65
1551.35
883.85
1614.26
1798.25
493.1
1482.99
1414.86
1613.18
1659.48
1066.51
1365.46
827.16
614.9
1322.89
1873.43
1987.19
1987.42
1775.63
1420.69
1485.26
1740.98
1834.52
940.36
1741.56
673.96
911.93
1181.3
1495.94
1043.08
1592.71
1164.65
1647.95
1600.54
1876.97
1432.23
1376.26
1689.01
1309.06
1607.29
1937.97
1688.02
1107.5
1304.72
1772.34
1030.83
1343.33
833.75
881.49
1530.47
1796.58
1023.67
838.47
1137.18
1724.08
1437.02
1371.43
992.11
1865.15
1529.6
1592.83
1652.75
1428.18
1328.16
757.55
1432.07
894.77
790.39
1798.54
1978.17
1288.75
1984.36
878.72
1152.88
1113.25
856.73
1002.02
1286.37
1570.24
1355.02
803.8
1601.4
1766.2
1417.2
1416.63
1704.74
1283.74
1992.88
1265.95
1200.99
1410.37
1689.21
1317.24
1080.86
1304.92
1127.27
527.66
1724.89
1655.6
834.98
1268.08
1196.46
867.32
1626.49
1550.44
730.43
1123.6
1657.64
1661.46
1723.15
1940.39
1414.5
1422.91
1720.25
1799.88
1696.13
1993.8
1913.08
1693.82
1708.35
1203.34
1594.1
1361.36
1097.22
1745.3
1281.52
1245.82
1695.37
699.82
1933.33
1150.49
965.54
962.92
1921.58
1539.12
1515.49
1559.99
1438.37
1615.88
915.16
1162.88
933.54
1493.85
1749.7
1026.6
1431.19
1494.64
1014.04
1217.92
880.14
1534.85
1779.7
903.58
1264.04
775.74
1742.47
548.69
1084.61
738.18
1495.35
1579.14
2168.83
2120.39
1334.2
1879.12
763.89
945.47
1937.33
1525.31
1332.97
1387.32
1535.58
1248.04
1924.64
1407.49
1086.92
2166.89
2175.69
2008.26
1649.43
1560.45
865.85
1580.6
1213.94
1593.18
1488.45
989.29
527.29
1881.17
1228.04
772.61
1494.22
1567.08
1298.16
1589.69
1934.46
1067.66
869.53
1353.11
1757.63
728.19
673.91
570.58
1830.42
1713.94
1390.01
1864.0
1299.98
1923.99
1667.83
1316.47
1559.9
1945.0
1152.03
1303.12
1528.39
828.4
684.28
1533.26
1587.2
1594.31
1562.69
885.12
1894.87
1807.75
1453.29
1997.1
1941.39
1778.46
1449.36
2128.7
1772.99
1176.32
796.85
746.96
1741.98
1031.24
1660.63
1733.77
1481.05
1041.63
1430.87
1172.39
1424.37
807.73
1400.12
1825.52
791.57
1675.98
1084.97
1667.47
1515.03
1256.41
748.33
1202.94
1366.68
1551.46
1478.87
1317.5
1843.72
1315.9
1450.95
1418.14
1849.3
986.67
1754.56
1798.48
1552.69
717.45
594.38
1909.42
1102.67
836.38
1622.66
905.57
1563.86
1728.15
1496.04
1808.71
1463.27
1558.05
1903.53
1815.73
1388.27
1478.93
1525.58
1557.44
1170.67
1169.56
1529.16
1354.62
1388.88
1627.59
1673.93
1312.62
1681.79
1801.67
680.83
707.92
1788.89
1211.89
1480.99
1770.46
1671.79
1214.4
1069.69
1653.94
1390.7
981.66
1906.72
1482.98
1841.86
1519.24
1295.6
1232.29
1482.12
1619.32
1711.41
2194.8
1146.49
629.29
1335.27
1432.15
906.86
789.41
1426.54
1218.63
1901.17
1152.24
1773.63
1753.49
1683.95
858.0
1501.96
1643.42
854.21
673.97
635.79
1230.86
1816.93
1840.38
633.25
1332.29
1579.18
1675.84
1555.97
1927.48
1968.89
1879.98
1479.76
1988.7
997.77
1143.33
415.83
1728.46
1498.51
1323.07
1535.07
1599.16
2117.39
1879.93
1770.56
1523.46
1161.62
1503.48
1612.78
1964.92
1933.03
1105.31
849.13
1572.38
1519.94
1113.44
1405.7
1445.98
1848.24
1080.68
1095.02
1359.28
456.66
1548.12
1587.34
1661.69
1181.94
1295.3
1187.23
1318.04
985.71
540.87
1544.07
857.31
1607.34
949.26
1963.05
965.0
2000.15
1806.2
1744.74
1648.46
1856.97
1304.68
1881.16
498.9
1018.53
2198.22
997.28
1350.16
1532.25
1594.22
324.77
1478.14
1469.29
1323.07
1811.3
1912.09
349.67
1548.99
637.18
1609.77
1407.32
1573.31
1456.47
1761.31
1971.28
589.63
271.46
1409.92
1122.06
1148.01
1181.93
733.62
1757.11
823.62
1810.79
1545.94
829.44
764.19
1200.29
1725.17
1907.74
713.25
1677.82
1532.29
1127.96
561.62
717.39
1491.03
1300.16
1074.65
1433.6
868.67
1736.34
656.55
1227.04
1758.14
1598.87
1855.82
1606.77
1510.36
863.75
1768.71
773.69
1661.6
1174.24
1692.92
1333.78
1249.16
1457.24
1553.43
1622.55
1521.17
1923.97
1762.53
1927.76
799.03
1841.03
1363.39
1451.91
1902.69
1662.78
1740.1
717.89
1047.92
1319.86
1982.52
1457.39
1503.07
1726.86
800.6
1625.1
1677.52
1876.58
1051.17
1044.53
856.12
1495.87
2195.95
857.44
1803.18
1613.92
1301.89
528.74
1696.9
820.1
1484.39
614.74
1133.28
1081.03
1236.83
1829.55
2005.42
826.34
1779.49
915.85
675.05
1465.37
1135.17
690.48
1562.27
1774.79
1240.52
1551.38
1167.55
1253.72
1575.86
1488.26
1203.77
1419.25
1295.84
479.7
580.93
1614.57
1202.44
1148.61
1086.85
1377.79
908.04
869.94
1718.7
790.31
886.35
1438.82
1593.87
1610.02
1026.07
1617.82
1604.69
1367.77
1429.46
1900.96
1388.4
1673.84
1775.52
1032.16
1762.53
1503.83
1532.48
1423.61
1298.08
1727.85
1228.63
1851.96
1884.76
1826.04
1851.32
1689.3
1286.57
1504.01
1714.14
1160.44
1442.99
1057.74
1625.65
1905.73
1878.76
1912.87
1373.77
1027.6
1452.16
1735.84
1156.76
1726.24
663.93
1372.94
394.49
1366.22
2036.14
1545.92
1576.71
997.12
811.62
1674.18
1207.48
1311.9
1479.02
1179.14
1951.53
1657.81
778.46
1218.77
1752.08
1286.38
1313.72
1520.99
1032.49
1068.48
754.23
421.34
1780.01
869.57
1697.1
1870.14
1571.85
1580.55
1901.34
853.81
1391.65
1453.97
1355.73
1317.43
649.59
1810.06
1598.53
1454.52
489.3
1081.31
1652.1
1548.22
936.85
1952.53
867.47
733.77
1331.9
1288.88
1806.23
1185.33
1202.47
1878.24
2039.5
1932.91
1384.96
1022.98
551.3
1780.03
1386.57
1701.01
421.98
1778.0
1744.49
1751.11
1595.11
1776.75
880.62
873.32
1726.03
1670.49
1696.89
1439.04
1292.74
1456.26
1016.98
823.17
1948.47
954.16
1337.0
1426.26
1022.61
1101.27
1596.12
1910.84
1379.47
544.42
1500.53
961.45
1653.76
1520.64
1250.69
1741.96
1512.06
1644.87
1871.77
1648.42
1048.89
1470.7
2114.59
1310.08
1544.02
1396.38
1199.34
1294.08
1516.92
961.61
1543.78
830.32
1390.69
970.23
1268.22
1292.2
724.92
1379.83
1956.14
809.09
2079.2
889.07
1120.29
883.33
1391.37
1891.61
1418.22
1526.1
1249.99
1010.92
799.76
1879.69
1111.94
1918.42
1701.77
1675.56
1122.27
1552.5
1381.34
1825.35
1246.29
1398.47
1745.79
735.4
1882.46
1930.51
1887.64
1767.74
1794.02
1155.91
1717.53
257.35
1404.23
1087.61
1389.75
851.51
2113.63
1341.76
1428.56
918.73
1964.16
1031.85
164.3
861.9
966.91
1923.43
2005.55
1761.57
1635.41
1922.84
1333.36
1531.19
997.77
1224.58
1472.73
1034.57
879.76
1758.08
1133.06
757.82
1425.49
1660.31
1402.77
1678.88
1873.1
1179.56
1961.86
1582.24
1492.41
1713.73
1084.82
996.56
756.58
1029.95
603.95
1628.82
1575.41
1732.56
1535.16
1220.05
1325.62
1297.54
612.71
1818.36
1906.02
1490.49
1769.67
1584.91
1330.94
2053.49
815.15
1206.67
859.87
1675.3
1422.43
977.17
1100.89
1808.66
1575.21
1620.34
1389.22
980.57
2027.28
930.27
1323.47
1508.58
1221.24
1502.32
1319.49
1339.99
1138.13
1017.46
1936.32
1547.31
808.63
1853.62
1332.63
1266.08
586.72
1553.84
1586.14
497.1
1192.57
1455.24
450.18
1421.81
1266.89
1142.78
1694.74
1484.9
1234.3
1745.77
2134.83
565.07
1544.02
637.85
1629.33
1448.18
1148.35
1898.95
1825.57
1824.53
1476.71
1403.34
1869.73
995.8
1724.87
1387.6
1337.51
1215.78
1731.15
545.37
1002.03
945.38
892.67
1774.74
836.72
1146.5
1912.15
1518.21
1181.76
253.57
1238.83
1070.07
1017.19
1271.35
834.02
1701.45
1694.36
1845.42
1398.73
1749.5
906.36
1545.59
1281.23
1625.7
1546.29
2185.07
1281.75
1569.03
1429.47
1241.77
1905.59
1902.68
1497.45
1071.26
1760.98
835.25
1423.08
898.65
1901.18
1458.7
1173.68
1654.01
1742.67
2090.49
1621.0
330.7
1556.39
1627.26
1311.27
1119.03
1413.07
1609.31
1035.77
989.29
1929.94
1664.57
1581.2
2042.16
1911.03
1505.01
1293.52
1571.19
1655.7
1361.54
546.09
1618.12
1810.16
1336.53
1209.13
1761.55
651.75
526.05
682.38
1825.49
1236.86
